type = "Aanderaa Optode 4831 Coefficients"; 
foil_coefficient_type = "SVU Formula";
salinity_setting = 0.f;
sensor_serial = "124"
calibration_date = "2018-08-20Thh:mm:ss";
C6 = 2.658710E-03.f;
C5 = 1.305085E-04.f;
C4 = 2.536294E-06.f;
C3 = 6.186505E-02.f;
C2 = 5.658259E-05.f;
C1 =-1.514249E-02.f;
C0 = 1.192067E-03.f;