type = "Aanderaa Optode 4831F Coefficients"; 
foil_coefficient_type = "SVU Formula";
salinity_setting = 0.f;
sensor_serial = "980"
calibration_date = "2022-01-09T00:00:00";

# SVU Coefficients
C0 = 3.10365E-03 ;
C1 = 1.32185E-04 ; 
C2 = 2.60868E-06 ;
C3 = 2.07958E02  ;
C4 =-2.36738E-01 ;
C5 =-4.25867E01  ; 
C6 = 4.07417E00  ;

# Temperature Coefficients
T0 = 2.55209E01  ;
T1 = -3.10946E-02;
T2 = 3.00664E-06 ;
T3 = -4.44147E-09;
T4 = 0.00000E00  ;
T5 = 0.00000E00  ; 